image: my_map.pgm
resolution: 0.100000
# -16.0 , -16.0
origin: [ -16.00000, -16.000000, 0.000000]
negate: 0
occupied_thresh: 0.65
free_thresh: 0.196

